106644,1477333,1.000,2963,1.000
1636799,1375981,1.000,2963,1.000
486603,1651273,1.000,2963,1.000,13549,1.000
13549,486603,1.000,2963,1.000,1651273,1.000
1508566,3036,1.000,2963,1.000,51670,0.500,5090,0.500
1477333,106644,1.000,2963,1.000
51670,2963,1.000,5090,0.500,1508566,0.500,31,1.000,3036,0.500
1399126,1647187,1.000,1370799,1.000,1635197,1.000,3036,1.000,1845219,1.000,1825136,1.000,1711856,1.000
1651273,486603,1.000,2963,1.000,13549,1.000
1711856,1635197,1.000,1845219,1.000,3036,1.000,1825136,1.000,1647187,1.000,1370799,1.000,1399126,1.000
1845219,1647187,1.000,1825136,1.000,1635197,1.000,3036,1.000,1711856,1.000,1370799,1.000,1399126,1.000
3036,1230,1.000,5090,1.000,1845219,1.000,1647187,1.000,1825136,1.000,1370799,1.000,1399126,1.000,1635197,1.000,1711856,1.000,51670,0.500,1508566,1.000,3234,0.111,2963,0.250
5090,51670,0.500,1508566,0.500,2963,1.000,3036,1.000
1879899,1879911,1.000,1879895,1.000,1879838,1.000,1879830,1.000,1879910,1.000,82886,1.000,3234,1.000,1879832,1.000,1879909,1.000
1825136,1845219,1.000,1647187,1.000,1399126,1.000,1635197,1.000,3036,1.000,1370799,1.000,1711856,1.000
2963,1477333,1.000,106644,1.000,1651273,1.000,486603,1.000,13549,1.000,51670,1.000,1508566,1.000,1636799,1.000,1375981,1.000,5090,1.000,3036,0.250,1230,0.500
50668,31,1.000,33286,1.000,1047350,1.000,77350,1.000,58112,1.000,141770,1.000,68535,1.000,7498,1.000,19869,1.000
1047350,31,1.000,7498,1.000,141770,1.000,58112,1.000,19869,1.000,50668,1.000,68535,1.000,33286,1.000,77350,1.000
1370799,1845219,1.000,1399126,1.000,1825136,1.000,1635197,1.000,1711856,1.000,3036,1.000,1647187,1.000
1879830,1879911,1.000,1879895,1.000,1879838,1.000,1879910,1.000,82886,1.000,3234,1.000,1879832,1.000,1879899,1.000,1879909,1.000
141770,31,1.000,1047350,1.000,7498,1.000,33286,1.000,77350,1.000,68535,1.000,50668,1.000,58112,1.000,19869,1.000
1647187,1825136,1.000,1370799,1.000,1635197,1.000,1845219,1.000,1399126,1.000,3036,1.000,1711856,1.000
82886,1879911,1.000,1879909,1.000,1879838,1.000,1879899,1.000,3234,1.000,1879895,1.000,1879832,1.000,1879910,1.000,1879830,1.000
7498,31,1.000,1047350,1.000,33286,1.000,77350,1.000,68535,1.000,141770,1.000,50668,1.000,58112,1.000,19869,1.000
33286,1047350,1.000,141770,1.000,68535,1.000,58112,1.000,7498,1.000,50668,1.000,31,1.000,19869,1.000,77350,1.000
1879910,1879911,1.000,1879895,1.000,1879838,1.000,1879830,1.000,82886,1.000,3234,1.000,1879832,1.000,1879899,1.000,1879909,1.000
3234,1879911,1.000,1879910,1.000,1879909,1.000,1879899,1.000,1879895,1.000,1879838,1.000,1879832,1.000,1879830,1.000,82886,1.000,1230,1.000,3036,0.111,31,0.167
1375981,2963,1.000,1636799,1.000
68535,77350,1.000,1047350,1.000,19869,1.000,31,1.000,58112,1.000,141770,1.000,33286,1.000,50668,1.000,7498,1.000
19869,31,1.000,50668,1.000,77350,1.000,58112,1.000,33286,1.000,1047350,1.000,68535,1.000,141770,1.000,7498,1.000
77350,31,1.000,1047350,1.000,7498,1.000,33286,1.000,68535,1.000,19869,1.000,141770,1.000,58112,1.000,50668,1.000
31,1047350,1.000,7498,1.000,50668,1.000,33286,1.000,141770,1.000,77350,1.000,68535,1.000,19869,1.000,58112,1.000,3234,0.167,51670,1.000,1230,0.333
1879838,1879911,1.000,1879895,1.000,1879830,1.000,1879910,1.000,82886,1.000,3234,1.000,1879832,1.000,1879899,1.000,1879909,1.000
1879895,1879911,1.000,1879838,1.000,1879830,1.000,1879910,1.000,82886,1.000,3234,1.000,1879832,1.000,1879899,1.000,1879909,1.000
1879911,1879895,1.000,1879838,1.000,1879830,1.000,1879910,1.000,82886,1.000,3234,1.000,1879832,1.000,1879899,1.000,1879909,1.000
1635197,1845219,1.000,1647187,1.000,1399126,1.000,3036,1.000,1370799,1.000,1711856,1.000,1825136,1.000
58112,50668,1.000,33286,1.000,141770,1.000,7498,1.000,31,1.000,1047350,1.000,77350,1.000,19869,1.000,68535,1.000
1879832,1879911,1.000,1879895,1.000,1879838,1.000,1879830,1.000,1879910,1.000,82886,1.000,3234,1.000,1879899,1.000,1879909,1.000
1879909,1879911,1.000,1879895,1.000,1879838,1.000,1879830,1.000,1879910,1.000,82886,1.000,3234,1.000,1879832,1.000,1879899,1.000
1230,3036,1.000,3234,1.000,31,0.333,2963,0.500
